6.931471805609453751e-01
6.928307196029049875e-01
6.908160333251723850e-01
6.857186903509098208e-01
6.764690314586681019e-01
6.622442349582704502e-01
6.424941962128480899e-01
6.169250808228524674e-01
5.854796072697465714e-01
5.483115885970974990e-01
5.057563136189192621e-01
4.582986092408343759e-01
4.065401478045820860e-01
3.511674538037169446e-01
2.929214839024403827e-01
2.325697709957644244e-01
1.708815734707874734e-01
1.086062902641476979e-01
4.645560897909528641e-02
-1.491106829464394767e-02
-7.489753872167737025e-02
-1.329786693849229762e-01
-1.887052195369334218e-01
-2.417058957553375187e-01
-2.916874502929374113e-01
-3.384323334380007209e-01
-3.817951758802934359e-01
-4.216977459837180087e-01
-4.581228179145634405e-01
-4.911077672481111156e-01
-5.207374176648803532e-01
-5.471367212766732324e-01
-5.704636294740929037e-01
-5.909019631123771932e-01
-6.086546817602308534e-01
-6.239376271602051771e-01
-6.369737368470357319e-01
-6.479876747044700513e-01
-6.572015314998816971e-01
-6.648305798023254054e-01
